1.000000 1159.294678 380.377319 37.410645 91.245361 0.948273
1.000000 1193.133789 380.862976 33.732422 82.274048 0.876356
1.000000 1223.806885 377.626495 36.386230 88.747009 0.847460
1.000000 949.143250 400.398193 17.713501 43.203613 0.203697
1.000000 941.258179 400.678497 17.483643 42.643005 0.101294
2.000000 1185.631104 356.807648 56.737793 138.384705 0.893965
2.000000 10.140747 12.391968 15.718506 13.216064 0.204683
3.000000 924.666199 362.454193 58.667603 143.091614 0.945824
3.000000 1442.219604 278.438019 127.560791 311.123993 0.882583
3.000000 718.809570 325.145325 102.380859 249.709351 0.874159
3.000000 1171.305054 382.158569 29.389893 71.682861 0.111331
4.000000 556.603271 385.325134 26.793457 65.349731 0.925045
4.000000 993.761414 366.393677 32.477234 79.212646 0.915774
4.000000 1276.472290 375.249603 35.055420 85.500793 0.905230
4.000000 672.247925 380.946198 43.504150 106.107605 0.874270
4.000000 808.191162 384.319885 27.617676 67.360229 0.684949
4.000000 1054.404419 377.718079 23.191162 56.563843 0.508880
4.000000 523.074768 381.596924 29.850464 72.806152 0.445450
4.000000 507.601227 382.881012 28.797577 70.237976 0.249303
4.000000 536.152710 384.226135 27.694580 67.547729 0.181256
4.000000 1209.712036 376.029205 24.575928 59.941589 0.155290
4.000000 1202.532959 382.031677 22.934082 55.936646 0.129860
4.000000 547.471191 374.563843 29.057617 70.872314 0.107493
4.000000 1189.545532 379.623383 24.908936 60.753235 0.100621
5.000000 436.589508 369.779266 42.820984 104.441467 0.814635
5.000000 1111.006348 391.186096 21.987305 53.627808 0.753018
5.000000 592.466003 394.746277 19.067993 46.507446 0.404494
5.000000 513.143982 386.643829 25.712036 62.712341 0.144855
5.000000 613.178772 396.484802 17.642456 43.030396 0.143882
5.000000 601.458191 397.166290 17.083618 41.667419 0.133644
5.000000 451.751740 373.492065 36.496521 89.015869 0.106013
6.000000 224.061920 396.492493 43.876160 107.015015 0.958466
6.000000 1675.057373 358.530273 61.885254 150.939453 0.951571
6.000000 271.695221 399.598083 44.609558 108.803833 0.909073
6.000000 1832.044189 370.693207 51.911621 126.613586 0.895400
6.000000 1718.342041 410.053802 39.315918 95.892395 0.894850
6.000000 1851.080811 378.099487 45.838379 111.801025 0.123209
8.000000 1546.490723 357.928589 23.018555 56.142822 0.185520
8.000000 402.379089 395.900238 31.241821 76.199524 0.124908
8.000000 387.458099 382.531921 29.083801 70.936157 0.117875
10.000000 1919.478271 348.337250 21.043457 51.325500 0.322482
10.000000 629.648132 363.873444 24.703735 60.253113 0.126308
10.000000 619.046021 375.283051 21.907959 53.433899 0.108446
10.000000 1445.250122 346.902679 25.499756 62.194641 0.100111
12.000000 1978.515015 382.475769 38.969971 95.048462 0.851583
12.000000 1194.760132 372.829468 30.479736 74.341064 0.130178
12.000000 1820.471924 393.004669 27.056152 65.990662 0.124890
12.000000 1276.344971 366.451263 19.310059 47.097473 0.105997
13.000000 270.433441 380.032745 31.133118 75.934509 0.955356
13.000000 392.760712 385.709045 26.478577 64.581909 0.935199
13.000000 306.949310 381.290985 30.101379 73.418030 0.804252
13.000000 298.769043 372.851318 30.461914 74.297363 0.343613
13.000000 160.041733 390.199371 35.916534 87.601257 0.113267
16.000000 1074.313965 338.472961 55.372070 135.054077 0.963168
16.000000 1854.688965 386.899963 38.622070 94.200073 0.933384
16.000000 1386.732666 372.762634 30.534668 74.474731 0.869020
16.000000 1982.241211 401.807800 39.517578 96.384399 0.859932
16.000000 1997.687256 400.456635 40.625488 99.086731 0.483196
16.000000 1947.656982 399.016998 28.686035 69.966003 0.288302
16.000000 1971.988647 406.069763 36.022705 87.860474 0.152401
16.000000 1396.005981 383.868103 27.988037 68.263794 0.144805
17.000000 324.072266 354.761627 51.855469 126.476746 0.934859
17.000000 1684.019775 341.365326 75.960449 185.269379 0.545723
17.000000 1623.107300 423.432373 21.785400 53.135254 0.338677
17.000000 1361.018921 420.095062 17.962158 43.809875 0.323304
17.000000 1676.127075 334.602539 107.745850 262.794922 0.175399
17.000000 1587.639404 416.730225 20.721191 50.539551 0.137326
17.000000 1615.381592 424.101440 21.236816 51.797119 0.129559
17.000000 1793.660034 442.146332 32.679932 79.707367 0.116219
18.000000 1434.929565 371.486786 38.140869 93.026428 0.864322
18.000000 1923.311890 366.175293 29.376221 71.649414 0.861925
18.000000 1411.181030 368.100006 37.637939 91.799988 0.367656
19.000000 1321.972656 329.347931 112.054688 273.304169 0.933277
19.000000 1236.601074 244.051270 50.797852 123.897461 0.145384
19.000000 1719.390991 408.124420 21.218018 51.751160 0.140130
20.000000 201.404419 391.279053 25.191162 61.441895 0.884063
20.000000 70.874107 389.107574 30.251785 73.784851 0.808192
20.000000 229.452164 395.395538 25.095673 61.208923 0.770277
20.000000 6.474746 384.133514 31.050507 75.732971 0.589005
20.000000 573.560974 413.417023 16.878052 41.165955 0.443623
20.000000 585.549011 413.387848 16.901978 41.224304 0.422323
20.000000 134.658890 398.338745 22.682220 55.322510 0.394858
20.000000 221.602921 391.763214 24.794159 60.473572 0.287493
20.000000 83.979042 387.802551 28.041916 68.394897 0.236663
20.000000 126.672844 394.372803 22.654305 55.254395 0.175423
20.000000 1720.687622 335.774841 34.624756 84.450317 0.144060
20.000000 49.892883 378.714355 32.214233 78.571289 0.121199
20.000000 193.563751 395.667694 24.872498 60.664612 0.120884
21.000000 1862.819214 270.924835 94.361572 230.150330 0.939872
21.000000 1192.097168 358.334656 35.805664 87.330688 0.921794
21.000000 1293.283813 357.228882 33.432373 81.542236 0.910843
21.000000 1325.688721 344.460175 40.622559 99.079651 0.889673
21.000000 1262.600952 360.441284 30.798096 75.117432 0.874171
21.000000 1368.681763 322.491943 58.636475 143.016113 0.868348
21.000000 1223.219849 361.950867 29.560303 72.098267 0.864266
21.000000 1177.906128 372.502686 24.187744 58.994629 0.224472
21.000000 1165.273438 380.715668 17.453125 42.568665 0.196563
21.000000 1172.282227 374.298157 19.435547 47.403687 0.144192
21.000000 1236.756226 365.698242 26.487549 64.603516 0.128020
21.000000 1201.767700 962.408936 32.464600 61.591064 0.122661
21.000000 1357.166138 325.429565 49.667725 121.140869 0.111716
21.000000 1139.679443 351.071716 28.641113 69.856567 0.105131
23.000000 1100.626465 365.381653 26.747070 65.236694 0.274817
23.000000 611.347534 382.262238 29.304932 71.475525 0.196505
23.000000 595.177368 381.847168 29.645264 72.305664 0.112354
23.000000 626.138916 379.314484 31.722168 77.371033 0.102930
24.000000 1211.989624 357.584442 20.020752 48.831116 0.833268
24.000000 1173.323975 364.839020 17.352051 42.321960 0.646525
25.000000 591.354248 342.473785 101.291504 247.052460 0.948902
25.000000 852.364563 283.669617 123.270874 300.660767 0.928985
25.000000 967.979065 288.973328 132.041931 322.053345 0.893619
25.000000 716.244507 318.889069 107.510986 262.221893 0.838990
25.000000 814.151794 292.028717 119.696411 291.942596 0.583287
25.000000 1014.691406 305.344818 118.617188 289.310333 0.570902
25.000000 332.414673 378.621124 19.170654 46.757751 0.309932
25.000000 361.142700 386.640717 25.714600 62.718567 0.299971
25.000000 329.317108 387.066101 25.365784 61.867798 0.136040
25.000000 576.355286 348.427551 83.289429 203.144897 0.112372
26.000000 4.638977 390.875549 74.722046 182.248901 0.927688
26.000000 1840.526001 381.136627 26.947998 65.726746 0.862436
26.000000 1207.225952 407.721893 21.548096 52.556213 0.663609
26.000000 1383.123657 415.472412 21.752686 53.055176 0.228860
26.000000 1270.343750 413.570251 23.312500 56.859497 0.191353
26.000000 1375.156982 415.553772 21.686035 52.892456 0.161091
26.000000 1222.190552 409.196442 23.618896 57.607117 0.157891
26.000000 1279.362793 412.055511 21.274414 51.888977 0.138129
26.000000 1152.217773 406.141022 19.564453 47.717957 0.126315
26.000000 1366.495483 413.940277 23.009033 56.119446 0.103156
27.000000 1289.366699 341.918701 49.266602 120.162598 0.959384
27.000000 1347.790039 343.829346 44.419922 108.341309 0.954350
27.000000 1217.902710 356.982269 40.194580 98.035461 0.938533
27.000000 1380.520508 349.611023 42.958984 104.777954 0.930998
27.000000 1275.612427 347.396149 44.775146 109.207703 0.395019
28.000000 1546.067017 359.626923 47.865967 116.746155 0.973492
28.000000 1489.831299 359.051941 48.337402 117.896118 0.926818
28.000000 1401.095093 374.524689 25.809814 62.950623 0.626007
28.000000 1507.488403 380.849854 37.023193 90.300293 0.212105
28.000000 1472.863403 376.203430 34.273193 83.593140 0.168391
29.000000 661.299805 383.023987 25.400391 61.952026 0.546515
29.000000 694.926086 382.990509 22.147827 54.018982 0.546453
29.000000 677.942017 388.590302 24.115967 58.819397 0.300999
29.000000 702.460144 385.853973 23.079712 56.292053 0.123042
29.000000 683.089600 379.389343 21.820801 53.221313 0.108544
30.000000 1314.069946 297.585388 111.860107 272.829224 0.930450
30.000000 1747.974854 314.719238 124.050293 302.561523 0.921095
30.000000 1450.612427 298.908295 110.775146 270.183380 0.908425
30.000000 1225.429199 346.558929 65.141602 158.882141 0.874460
30.000000 1277.737793 376.579865 40.524414 98.840271 0.867218
30.000000 1160.394043 320.034393 67.211914 163.931213 0.857647
30.000000 1898.672485 311.542603 126.655029 308.914795 0.820873
30.000000 1055.636841 373.211823 36.726318 89.576355 0.771904
30.000000 337.710754 358.757965 48.578491 118.484070 0.750397
30.000000 992.988159 360.507721 34.023682 82.984558 0.746911
30.000000 1531.089966 360.365814 53.820068 131.268372 0.685305
30.000000 1777.183472 334.447540 81.633057 199.104889 0.546534
30.000000 1885.501831 366.248444 48.996338 119.503113 0.382585
30.000000 818.320251 377.512756 23.359497 56.974487 0.369387
30.000000 826.900513 382.928009 22.198975 54.143982 0.360147
30.000000 976.792725 360.031097 34.414551 83.937805 0.325918
30.000000 1909.351196 325.100372 89.297607 217.799286 0.255079
30.000000 355.098053 375.897675 37.803894 92.204651 0.251924
30.000000 1741.854858 368.865540 40.290283 98.268921 0.247611
30.000000 1247.142212 378.249390 45.715576 111.501221 0.226350
30.000000 1068.770142 375.975830 34.459717 84.048340 0.169006
30.000000 835.371643 384.077240 21.256714 51.845520 0.162688
30.000000 1004.613159 359.593079 34.773682 84.813843 0.146225
30.000000 1353.276489 295.649872 113.447021 276.700226 0.135968
30.000000 969.534546 349.840332 32.930908 80.319336 0.118584
30.000000 1842.559204 357.315002 62.881592 153.369995 0.114424
30.000000 1727.333862 372.472900 37.332275 91.054199 0.114306
30.000000 1267.676880 389.309448 36.646240 89.381104 0.105480